"KS" "Kuiper" "AD" "CvM" "W" "ZA" "ZK" "ZC" "Wassp1" "EP-l-P" "ES-l-P" "EP-s-P" "ES-s-P" "EP-l-LR" "ES-l-LR" "EP-s-LR" "ES-s-LR"
"  1" 0.816 0.816 0.838 0.832 0.573 0.653 0.668 0.656 0.846 0.133 0.269 0.471 0.471 0.099 0.292 0.451 0.481
"  2" 0.45 0.45 0.648 0.469 0.854 0.424 0.578 0.487 0.473 0.214 0.416 0.657 0.626 0.167 0.394 0.633 0.623
"  3" 0.398 0.401 0.336 0.362 0.84 0.154 0.301 0.209 0.2 0.404 0.397 0.866 0.823 0.305 0.315 0.835 0.791
"  4" 0.229 0.229 0.415 0.259 0.095 0.54 0.534 0.501 0.281 0.659 0.79 0.746 0.791 0.631 0.807 0.725 0.8
"  5" 0.242 0.242 0.502 0.287 0.805 0.893 0.659 0.864 0.471 0.226 0.305 0.552 0.605 0.239 0.26 0.559 0.678
"  6" 0.701 0.701 0.804 0.772 0.452 0.724 0.695 0.722 0.817 0.197 0.183 0.534 0.514 0.18 0.218 0.536 0.539
"  7" 0.753 0.753 0.802 0.786 0.439 0.664 0.636 0.681 0.815 0.118 0.238 0.454 0.495 0.093 0.224 0.436 0.474
"  8" 0.278 0.278 0.686 0.338 0.782 0.829 0.829 0.886 0.777 0.388 0.454 0.698 0.855 0.304 0.422 0.658 0.802
"  9" 0.053 0.053 0.163 0.074 0.13 0.744 0.647 0.857 0.267 0.127 0.138 0.16 0.413 0.078 0.145 0.14 0.333
"  10" 0.149 0.149 0.329 0.155 0.132 0.705 0.907 0.784 0.367 0.301 0.466 0.284 0.711 0.162 0.336 0.245 0.617
"  11" 0.081 0.081 0.327 0.105 0.291 0.787 0.862 0.888 0.429 0.505 0.331 0.297 0.821 0.33 0.273 0.267 0.748
"  12" 0.699 0.699 0.787 0.749 0.472 0.78 0.708 0.767 0.85 0.126 0.116 0.416 0.354 0.109 0.181 0.418 0.456
"  13" 0.684 0.684 0.798 0.749 0.409 0.71 0.719 0.751 0.888 0.169 0.427 0.505 0.714 0.122 0.334 0.473 0.643
"  14" 0.486 0.486 0.327 0.374 0.765 0.205 0.235 0.181 0.205 0.521 0.692 0.869 0.15 0.39 0.636 0.838 0.17
"  15" 0.775 0.775 0.848 0.785 0.588 0.821 0.807 0.808 0.85 0.217 0.216 0.607 0.594 0.22 0.236 0.62 0.641
"  16" 0.6 0.6 0.806 0.75 0.762 0.842 0.788 0.872 0.84 0.098 0.118 0.106 0.332 0.068 0.142 0.106 0.33
"  17" 0.763 0.763 0.872 0.853 0.725 0.817 0.7 0.803 0.756 0.13 0.22 0.376 0.265 0.103 0.213 0.363 0.299
"  18" 0.623 0.623 0.812 0.767 0.749 0.662 0.585 0.631 0.835 0.107 0.16 0.451 0.513 0.068 0.173 0.449 0.527
"  19" 0.67 0.67 0.824 0.768 0.658 0.814 0.722 0.791 0.545 0.103 0.189 0.325 0.157 0.079 0.193 0.325 0.191
"  20" 0.221 0.221 0.083 0.112 0.338 0.022 0.072 0.034 0.017 0.403 0.322 0.574 0.851 0.357 0.337 0.567 0.844
